DATE,DESCRIPTION,ACCOUNT,CREDIT,DEBIT,BALANCE,CATEGORY,SUB_CATEGORY,BALANCE_SOUTH
2024-05-01,GOOGLE INDIA SERVICE,SOUTH,0.0,320.9,418.27,COMMUNICATION,ALL,418.27
2024-05-01,HAIRUNNISA M K,SOUTH,0.0,90.0,328.27,DINING,ALL,328.27
2024-05-02,ARUN ARAVIND,SOUTH,0.0,77.0,251.27,DINING,ALL,251.27
2024-05-02,SUMESH SUGATHAN,SOUTH,0.0,6.0,245.27,DINING,ALL,245.27
2024-05-02,ZERODHA BROKING LIMITED,SOUTH,11000.0,0.0,11245.27,INVESTMENT,ALL,11245.27
2024-05-02,QUADRILLION FINANCE PRIVATE,SOUTH,0.0,1050.0,10195.27,LOAN,ALL,10195.27
2024-05-02,PREETHIMOL MP,SOUTH,0.0,50.0,10145.27,TRANSFERS,ALL,10145.27
2024-05-02,GARAGEPRENEURS INTERNET PVT,SOUTH,0.0,5955.31,4189.96,LOAN,ALL,4189.96
2024-05-02,VIBEESH B S,SOUTH,0.0,800.0,3389.96,EVENTS,ALL,3389.96
2024-05-03,XAVIERMATHEW7@OKAXIS,SOUTH,0.0,15.0,3374.96,SHOPPING,ALL,3374.96
2024-05-03,PRADEEPS,SOUTH,0.0,209.0,3165.96,DINING,ALL,3165.96
2024-05-03,SANGEETHAMK442@OKAXIS,SOUTH,0.0,35.0,3130.96,SHOPPING,ALL,3130.96
2024-05-03,QUADRILLION FINANCE PRIVATE HO - CARD,SOUTH,20000.0,0.0,23130.96,LOAN,ALL,23130.96
2024-05-03,KUHOO TECHNOLOGY SERVICES PR,SOUTH,0.0,12426.0,10704.96,LOAN,ALL,10704.96
2024-05-03,SIBINDEV P S,SOUTH,0.0,250.0,10454.96,HOUSEHOLDS,ALL,10454.96
2024-05-03,VINSHA PRAKASH K P,SOUTH,0.0,180.0,10274.96,FAMILY,ALL,10274.96
2024-05-04,PREETHIMOL MP,SOUTH,0.0,300.0,9974.96,TRANSFERS,ALL,9974.96
2024-05-04,GOOGLE INDIA DIGITAL SERVICE,SOUTH,0.0,674.0,9300.96,HOUSEHOLDS,ALL,9300.96
2024-05-04,GOOGLE INDIA DIGITAL SERVICE,SOUTH,0.0,1970.0,7330.96,HOUSEHOLDS,ALL,7330.96
2024-05-04,PREETHIMOL MP,SOUTH,0.0,100.0,7230.96,TRANSFERS,ALL,7230.96
2024-05-05,LOAN RECOVERY,SOUTH,0.0,3625.0,3605.96,LOAN,ALL,3605.96
2024-05-05,KISWAH123@FBL,SOUTH,0.0,625.0,2980.96,SHOPPING,ALL,2980.96
2024-05-05,KISWAH123@FBL,SOUTH,0.0,60.0,2920.96,SHOPPING,ALL,2920.96
2024-05-05,SAVING,SOUTH,0.0,280.0,2640.96,SHOPPING,ALL,2640.96
2024-05-05,MAHESH K M,SOUTH,0.0,550.0,2090.96,TRANSFERS,ALL,2090.96
2024-05-05,MAHESH K M,SOUTH,0.0,100.0,1990.96,TRANSFERS,ALL,1990.96
2024-05-05,NISHA SHINE,SOUTH,0.0,840.0,1150.96,SHOPPING,ALL,1150.96
2024-05-06,PREETHIMOL MP,SOUTH,0.0,100.0,1050.96,TRANSFERS,ALL,1050.96
2024-05-07,NTA UGC NET,SOUTH,0.0,325.0,725.96,FAMILY,ALL,725.96
2024-05-07,AJITH K T,SOUTH,0.0,200.0,525.96,SHOPPING,ALL,525.96
2024-05-08,BAKE HOUSE,SOUTH,0.0,10.0,515.96,DINING,ALL,515.96
2024-05-08,QUADRILLION FINANCE PRIVATE,SOUTH,10000.0,0.0,10515.96,LOAN,ALL,10515.96
2024-05-08,MADURA GARMENTS,SOUTH,0.0,5547.0,4968.96,SHOPPING,ALL,4968.96
2024-05-08,WALKWAY KCV,SOUTH,0.0,2097.0,2871.96,SHOPPING,ALL,2871.96
2024-05-08,KOCHUTHRESIA,SOUTH,0.0,100.0,2771.96,PERSONAL_CARE,ALL,2771.96
2024-05-08,SALJU,SOUTH,0.0,150.0,2621.96,SHOPPING,ALL,2621.96
2024-05-08,PAY TO BHARATPE,SOUTH,0.0,469.0,2152.96,SHOPPING,ALL,2152.96
2024-05-08,HARDWARE,SOUTH,0.0,120.0,2032.96,SHOPPING,ALL,2032.96
2024-05-08,UPI,SOUTH,0.0,30.0,2002.96,DINING,ALL,2002.96
2024-05-09,UPI,SOUTH,0.0,107.0,1895.96,DINING,ALL,1895.96
2024-05-09,JIO PREPAID RECHARGES,SOUTH,0.0,121.0,1774.96,COMMUNICATION,ALL,1774.96
2024-05-09,MONTHLY AUTOPAY.,SOUTH,0.0,199.0,1575.96,SUBSCRIPTIONS,ALL,1575.96
2024-05-10,UPI,SOUTH,0.0,400.0,1175.96,DINING,ALL,1175.96
2024-05-11,UPI,SOUTH,0.0,150.0,1025.96,DINING,ALL,1025.96
2024-05-11,QUADRILLION FINANCE PRIVATE HO - CARD,SOUTH,25000.0,0.0,26025.96,LOAN,ALL,26025.96
2024-05-11,DEPOSIT P,SOUTH,0.0,13000.0,13025.96,RENT,ALL,13025.96
2024-05-11,FLAT NO 11,SOUTH,0.0,1000.0,12025.96,RENT,ALL,12025.96
2024-05-12,PAY FOR MERCHANT,SOUTH,0.0,145.0,11880.96,DINING,ALL,11880.96
2024-05-12,SWIGGY ORDER ID 17446,SOUTH,0.0,9.0,11871.96,DINING,ALL,11871.96
2024-05-12,FOOD,SOUTH,0.0,620.0,11251.96,DINING,ALL,11251.96
2024-05-12,UPI,SOUTH,0.0,20.0,11231.96,DINING,ALL,11231.96
2024-05-13,FOOD,SOUTH,0.0,55.0,11176.96,DINING,ALL,11176.96
2024-05-13,FOOD,SOUTH,0.0,155.0,11021.96,DINING,ALL,11021.96
2024-05-13,UPI,SOUTH,0.0,85.0,10936.96,DINING,ALL,10936.96
2024-05-13,ROLEX CUTLERY STATIONERY MAR,SOUTH,0.0,40.0,10896.96,SHOPPING,ALL,10896.96
2024-05-13,FOOD,SOUTH,0.0,20.0,10876.96,DINING,ALL,10876.96
2024-05-14,AIRTEL,SOUTH,0.0,2830.0,8046.96,COMMUNICATION,ALL,8046.96
2024-05-14,ZERODHA BROKING LIMITED DSC,SOUTH,18500.0,0.0,26546.96,INVESTMENT,ALL,26546.96
2024-05-14,FOOD,SOUTH,0.0,210.0,26336.96,FOOD,ALL,26336.96
2024-05-14,RAJKUMAR NAD,SOUTH,0.0,3000.0,23336.96,RENT,ALL,23336.96
2024-05-14,UPI,SOUTH,0.0,8000.0,15336.96,RENT,ALL,15336.96
2024-05-14,UPI,SOUTH,0.0,40.0,15296.96,DINING,ALL,15296.96
2024-05-15,UPI,SOUTH,0.0,80.0,15216.96,DINING,ALL,15216.96
2024-05-15,MAHENDRA RAMDHARI YADAV,SOUTH,0.0,40.0,15176.96,DINING,ALL,15176.96
2024-05-15,DEVRUKHAKAR SANTOSH GOVIND,SOUTH,0.0,29.0,15147.96,TRAVEL,ALL,15147.96
2024-05-15,RAJESH,SOUTH,0.0,23.0,15124.96,TRAVEL,ALL,15124.96
2024-05-15,PARMEWSHWAR PANDIT,SOUTH,0.0,25.0,15099.96,TRAVEL,ALL,15099.96
2024-05-15,SANJEEV KUMAR SINGH,SOUTH,0.0,30.0,15069.96,TRAVEL,ALL,15069.96
2024-05-16,KOTTAKKAL ARYA VAIDYA SALA,SOUTH,0.0,40.0,15029.96,DINING,ALL,15029.96
2024-05-16,KESHAV M MOGAVEERA,SOUTH,0.0,150.0,14879.96,DINING,ALL,14879.96
2024-05-17,SHANTARAM VISHNU DHA,SOUTH,0.0,210.0,14669.96,DINING,ALL,14669.96
2024-05-17,ANUGRAHRAJ007@OKAXIS,SOUTH,0.0,75.0,14594.96,TRANSFERS,ALL,14594.96
2024-05-18,VIVEK HOTHIBHAI PATEL,SOUTH,0.0,20.0,14574.96,SHOPPING,ALL,14574.96
2024-05-18,HOTEL LAXMI NEXT,SOUTH,0.0,100.0,14474.96,DINING,ALL,14474.96
2024-05-18,GEETA FAST FOOD,SOUTH,0.0,40.0,14434.96,DINING,ALL,14434.96
2024-05-18,AJAY VIJAY KOKAM,SOUTH,0.0,516.0,13918.96,GROCERY,ALL,13918.96
2024-05-20,HOTEL LAXMI NEXT,SOUTH,0.0,209.0,13709.96,DINING,ALL,13709.96
2024-05-20,BIGBASKET,SOUTH,0.0,789.43,12920.53,GROCERY,ALL,12920.53
2024-05-20,JIO PREPAID RECHARGES,SOUTH,0.0,50.0,12870.53,COMMUNICATION,ALL,12870.53
2024-05-20,JIO PREPAID RECHARGES,SOUTH,0.0,239.0,12631.53,COMMUNICATION,ALL,12631.53
2024-05-21,YUSUF IQBAL SHAIKH,SOUTH,0.0,23.0,12608.53,TRAVEL,ALL,12608.53
2024-05-21,RAMSURAT PATEL,SOUTH,0.0,23.0,12585.53,TRAVEL,ALL,12585.53
2024-05-21,SANTOSH KUMAR SURYA BALI,SOUTH,0.0,26.0,12559.53,TRAVEL,ALL,12559.53
2024-05-22,ABOVE AND BEYOND FOODS,SOUTH,0.0,385.0,12174.53,DINING,ALL,12174.53
2024-05-22,RANJITH C K,SOUTH,0.0,27.5,12147.03,TRANSFERS,ALL,12147.03
2024-05-22,GOOGLE INDIA SERVICE,SOUTH,0.0,240.9,11906.13,COMMUNICATION,ALL,11906.13
2024-05-23,SREEHARI SREEKUMAR,SOUTH,0.0,230.0,11676.13,EVENTS,ALL,11676.13
2024-05-23,VINOD KUMAR PATIDAR,SOUTH,0.0,30.0,11646.13,TRAVEL,ALL,11646.13
2024-05-24,GOOGLE ADS,SOUTH,8506.0,0.0,20152.13,BUSINESS,ALL,20152.13
2024-05-24,GOOGLE PLAY,SOUTH,0.0,199.0,19953.13,SUBSCRIPTIONS,ALL,19953.13
2024-05-24,NEFT:NAVIG8 SALARY FOR MAY 2024,SOUTH,50163.0,0.0,70116.13,SALARY,ALL,70116.13
2024-05-24,VINSHA PRAKASH,SOUTH,0.0,5000.0,65116.13,FAMILY,ALL,65116.13
2024-05-24,JIO PREPAID RECHARGES,SOUTH,0.0,61.0,65055.13,COMMUNICATION,ALL,65055.13
2024-05-25,MISHRA KANDA BATATA SHOP,SOUTH,0.0,25.0,65030.13,GROCERY,ALL,65030.13
2024-05-25,MOHAMMED RASI A C,SOUTH,0.0,1800.0,63230.13,TRANSFERS,ALL,63230.13
2024-05-25,ANUGRAH RAJ,SOUTH,0.0,200.0,63030.13,DINING,ALL,63030.13
2024-05-26,BIGBASKET,SOUTH,0.0,469.01,62561.12,GROCERY,ALL,62561.12
2024-05-26,AJITH AJAYAN,SOUTH,0.0,40.0,62521.12,EVENTS,ALL,62521.12
2024-05-26,VINSHA PRAKASH,SOUTH,0.0,1.0,62520.12,FAMILY,ALL,62520.12
2024-05-27,ABOVE AND BEYOND FOODS,SOUTH,0.0,190.0,62330.12,DINING,ALL,62330.12
2024-05-27,ANUGRAH RAJ,SOUTH,0.0,90.0,62240.12,DINING,ALL,62240.12
2024-05-28,RANJITH C K,SOUTH,0.0,60.0,62180.12,DINING,ALL,62180.12
2024-05-28,DECATHLON,SOUTH,0.0,999.0,61181.12,SHOPPING,ALL,61181.12
2024-05-28,ANUGRAH RAJ,SOUTH,0.0,120.0,61061.12,DINING,ALL,61061.12
2024-05-28,BIGBASKET,SOUTH,0.0,275.67,60785.45,GROCERY,ALL,60785.45
2024-05-28,GARAGEPRENEURS INTERNET PVT,SOUTH,0.0,2043.0,58742.45,LOAN,ALL,58742.45
2024-05-28,GARAGEPRENEURS INTERNET PVT,SOUTH,0.0,3065.0,55677.45,LOAN,ALL,55677.45
2024-05-28,GARAGEPRENEURS INTERNET PVT,SOUTH,0.0,3065.0,52612.45,LOAN,ALL,52612.45
2024-05-29,VIPIN DAS N C,SOUTH,0.0,1000.0,51612.45,BUSINESS,ALL,51612.45
2024-05-29,VIJAYHARISH BHATT,SOUTH,0.0,180.0,51432.45,DINING,ALL,51432.45
2024-05-29,HOTEL SANTHOSH CAFE,SOUTH,0.0,100.0,51332.45,DINING,ALL,51332.45
2024-05-30,VINSHA PRAKASH,SOUTH,0.0,2000.0,49332.45,FAMILY,ALL,49332.45
2024-05-30,SHREYAS LACHARAM GEHLOT,SOUTH,0.0,12.0,49320.45,DINING,ALL,49320.45
2024-05-30,GOOGLE INDIA DIGITAL SERVICE,SOUTH,0.0,9.0,49311.45,COMMUNICATION,ALL,49311.45
2024-05-31,BBNOW,SOUTH,0.0,355.03,48956.42,GROCERY,ALL,48956.42
2024-05-31,GOOGLE INDIA DIGITAL SERVICE,SOUTH,0.0,25.0,48931.42,COMMUNICATION,ALL,48931.42
